{
 "cells": [
  {
   "cell_type": "code",
   "execution_count": 1,
   "id": "4c029276",
   "metadata": {},
   "outputs": [],
   "source": [
    "from sklearn.datasets import load_diabetes"
   ]
  },
  {
   "cell_type": "code",
   "execution_count": 2,
   "id": "4e11e15c",
   "metadata": {},
   "outputs": [],
   "source": [
    "dataset = load_diabetes()"
   ]
  },
  {
   "cell_type": "code",
   "execution_count": 3,
   "id": "0204a6cb",
   "metadata": {},
   "outputs": [
    {
     "name": "stdout",
     "output_type": "stream",
     "text": [
      ".. _diabetes_dataset:\n",
      "\n",
      "Diabetes dataset\n",
      "----------------\n",
      "\n",
      "Ten baseline variables, age, sex, body mass index, average blood\n",
      "pressure, and six blood serum measurements were obtained for each of n =\n",
      "442 diabetes patients, as well as the response of interest, a\n",
      "quantitative measure of disease progression one year after baseline.\n",
      "\n",
      "**Data Set Characteristics:**\n",
      "\n",
      ":Number of Instances: 442\n",
      "\n",
      ":Number of Attributes: First 10 columns are numeric predictive values\n",
      "\n",
      ":Target: Column 11 is a quantitative measure of disease progression one year after baseline\n",
      "\n",
      ":Attribute Information:\n",
      "    - age     age in years\n",
      "    - sex\n",
      "    - bmi     body mass index\n",
      "    - bp      average blood pressure\n",
      "    - s1      tc, total serum cholesterol\n",
      "    - s2      ldl, low-density lipoproteins\n",
      "    - s3      hdl, high-density lipoproteins\n",
      "    - s4      tch, total cholesterol / HDL\n",
      "    - s5      ltg, possibly log of serum triglycerides level\n",
      "    - s6      glu, blood sugar level\n",
      "\n",
      "Note: Each of these 10 feature variables have been mean centered and scaled by the standard deviation times the square root of `n_samples` (i.e. the sum of squares of each column totals 1).\n",
      "\n",
      "Source URL:\n",
      "https://www4.stat.ncsu.edu/~boos/var.select/diabetes.html\n",
      "\n",
      "For more information see:\n",
      "Bradley Efron, Trevor Hastie, Iain Johnstone and Robert Tibshirani (2004) \"Least Angle Regression,\" Annals of Statistics (with discussion), 407-499.\n",
      "(https://web.stanford.edu/~hastie/Papers/LARS/LeastAngle_2002.pdf)\n",
      "\n"
     ]
    }
   ],
   "source": [
    "print(dataset[\"DESCR\"])"
   ]
  },
  {
   "cell_type": "code",
   "execution_count": 4,
   "id": "d31c139d",
   "metadata": {},
   "outputs": [
    {
     "data": {
      "text/plain": [
       "{'data': array([[ 0.03807591,  0.05068012,  0.06169621, ..., -0.00259226,\n",
       "          0.01990749, -0.01764613],\n",
       "        [-0.00188202, -0.04464164, -0.05147406, ..., -0.03949338,\n",
       "         -0.06833155, -0.09220405],\n",
       "        [ 0.08529891,  0.05068012,  0.04445121, ..., -0.00259226,\n",
       "          0.00286131, -0.02593034],\n",
       "        ...,\n",
       "        [ 0.04170844,  0.05068012, -0.01590626, ..., -0.01107952,\n",
       "         -0.04688253,  0.01549073],\n",
       "        [-0.04547248, -0.04464164,  0.03906215, ...,  0.02655962,\n",
       "          0.04452873, -0.02593034],\n",
       "        [-0.04547248, -0.04464164, -0.0730303 , ..., -0.03949338,\n",
       "         -0.00422151,  0.00306441]], shape=(442, 10)),\n",
       " 'target': array([151.,  75., 141., 206., 135.,  97., 138.,  63., 110., 310., 101.,\n",
       "         69., 179., 185., 118., 171., 166., 144.,  97., 168.,  68.,  49.,\n",
       "         68., 245., 184., 202., 137.,  85., 131., 283., 129.,  59., 341.,\n",
       "         87.,  65., 102., 265., 276., 252.,  90., 100.,  55.,  61.,  92.,\n",
       "        259.,  53., 190., 142.,  75., 142., 155., 225.,  59., 104., 182.,\n",
       "        128.,  52.,  37., 170., 170.,  61., 144.,  52., 128.,  71., 163.,\n",
       "        150.,  97., 160., 178.,  48., 270., 202., 111.,  85.,  42., 170.,\n",
       "        200., 252., 113., 143.,  51.,  52., 210.,  65., 141.,  55., 134.,\n",
       "         42., 111.,  98., 164.,  48.,  96.,  90., 162., 150., 279.,  92.,\n",
       "         83., 128., 102., 302., 198.,  95.,  53., 134., 144., 232.,  81.,\n",
       "        104.,  59., 246., 297., 258., 229., 275., 281., 179., 200., 200.,\n",
       "        173., 180.,  84., 121., 161.,  99., 109., 115., 268., 274., 158.,\n",
       "        107.,  83., 103., 272.,  85., 280., 336., 281., 118., 317., 235.,\n",
       "         60., 174., 259., 178., 128.,  96., 126., 288.,  88., 292.,  71.,\n",
       "        197., 186.,  25.,  84.,  96., 195.,  53., 217., 172., 131., 214.,\n",
       "         59.,  70., 220., 268., 152.,  47.,  74., 295., 101., 151., 127.,\n",
       "        237., 225.,  81., 151., 107.,  64., 138., 185., 265., 101., 137.,\n",
       "        143., 141.,  79., 292., 178.,  91., 116.,  86., 122.,  72., 129.,\n",
       "        142.,  90., 158.,  39., 196., 222., 277.,  99., 196., 202., 155.,\n",
       "         77., 191.,  70.,  73.,  49.,  65., 263., 248., 296., 214., 185.,\n",
       "         78.,  93., 252., 150.,  77., 208.,  77., 108., 160.,  53., 220.,\n",
       "        154., 259.,  90., 246., 124.,  67.,  72., 257., 262., 275., 177.,\n",
       "         71.,  47., 187., 125.,  78.,  51., 258., 215., 303., 243.,  91.,\n",
       "        150., 310., 153., 346.,  63.,  89.,  50.,  39., 103., 308., 116.,\n",
       "        145.,  74.,  45., 115., 264.,  87., 202., 127., 182., 241.,  66.,\n",
       "         94., 283.,  64., 102., 200., 265.,  94., 230., 181., 156., 233.,\n",
       "         60., 219.,  80.,  68., 332., 248.,  84., 200.,  55.,  85.,  89.,\n",
       "         31., 129.,  83., 275.,  65., 198., 236., 253., 124.,  44., 172.,\n",
       "        114., 142., 109., 180., 144., 163., 147.,  97., 220., 190., 109.,\n",
       "        191., 122., 230., 242., 248., 249., 192., 131., 237.,  78., 135.,\n",
       "        244., 199., 270., 164.,  72.,  96., 306.,  91., 214.,  95., 216.,\n",
       "        263., 178., 113., 200., 139., 139.,  88., 148.,  88., 243.,  71.,\n",
       "         77., 109., 272.,  60.,  54., 221.,  90., 311., 281., 182., 321.,\n",
       "         58., 262., 206., 233., 242., 123., 167.,  63., 197.,  71., 168.,\n",
       "        140., 217., 121., 235., 245.,  40.,  52., 104., 132.,  88.,  69.,\n",
       "        219.,  72., 201., 110.,  51., 277.,  63., 118.,  69., 273., 258.,\n",
       "         43., 198., 242., 232., 175.,  93., 168., 275., 293., 281.,  72.,\n",
       "        140., 189., 181., 209., 136., 261., 113., 131., 174., 257.,  55.,\n",
       "         84.,  42., 146., 212., 233.,  91., 111., 152., 120.,  67., 310.,\n",
       "         94., 183.,  66., 173.,  72.,  49.,  64.,  48., 178., 104., 132.,\n",
       "        220.,  57.]),\n",
       " 'frame': None,\n",
       " 'DESCR': '.. _diabetes_dataset:\\n\\nDiabetes dataset\\n----------------\\n\\nTen baseline variables, age, sex, body mass index, average blood\\npressure, and six blood serum measurements were obtained for each of n =\\n442 diabetes patients, as well as the response of interest, a\\nquantitative measure of disease progression one year after baseline.\\n\\n**Data Set Characteristics:**\\n\\n:Number of Instances: 442\\n\\n:Number of Attributes: First 10 columns are numeric predictive values\\n\\n:Target: Column 11 is a quantitative measure of disease progression one year after baseline\\n\\n:Attribute Information:\\n    - age     age in years\\n    - sex\\n    - bmi     body mass index\\n    - bp      average blood pressure\\n    - s1      tc, total serum cholesterol\\n    - s2      ldl, low-density lipoproteins\\n    - s3      hdl, high-density lipoproteins\\n    - s4      tch, total cholesterol / HDL\\n    - s5      ltg, possibly log of serum triglycerides level\\n    - s6      glu, blood sugar level\\n\\nNote: Each of these 10 feature variables have been mean centered and scaled by the standard deviation times the square root of `n_samples` (i.e. the sum of squares of each column totals 1).\\n\\nSource URL:\\nhttps://www4.stat.ncsu.edu/~boos/var.select/diabetes.html\\n\\nFor more information see:\\nBradley Efron, Trevor Hastie, Iain Johnstone and Robert Tibshirani (2004) \"Least Angle Regression,\" Annals of Statistics (with discussion), 407-499.\\n(https://web.stanford.edu/~hastie/Papers/LARS/LeastAngle_2002.pdf)\\n',\n",
       " 'feature_names': ['age',\n",
       "  'sex',\n",
       "  'bmi',\n",
       "  'bp',\n",
       "  's1',\n",
       "  's2',\n",
       "  's3',\n",
       "  's4',\n",
       "  's5',\n",
       "  's6'],\n",
       " 'data_filename': 'diabetes_data_raw.csv.gz',\n",
       " 'target_filename': 'diabetes_target.csv.gz',\n",
       " 'data_module': 'sklearn.datasets.data'}"
      ]
     },
     "execution_count": 4,
     "metadata": {},
     "output_type": "execute_result"
    }
   ],
   "source": [
    "dataset"
   ]
  },
  {
   "cell_type": "code",
   "execution_count": 5,
   "id": "ff849678",
   "metadata": {},
   "outputs": [],
   "source": [
    "import pandas as pd\n",
    "df_diabetes = pd.DataFrame(dataset.data,columns = ['age','sex','bmi','bp','s1','s2','s3','s4','s5','s6'])"
   ]
  },
  {
   "cell_type": "code",
   "execution_count": 6,
   "id": "bb97a085",
   "metadata": {},
   "outputs": [],
   "source": [
    "X = df_diabetes\n",
    "Y = dataset['target']"
   ]
  },
  {
   "cell_type": "code",
   "execution_count": 7,
   "id": "c01e4675",
   "metadata": {},
   "outputs": [],
   "source": [
    "from sklearn.model_selection import train_test_split\n",
    "X_train,X_test,Y_train,Y_test  = train_test_split(X,Y,test_size=0.3,random_state=42)"
   ]
  },
  {
   "cell_type": "code",
   "execution_count": 8,
   "id": "756f4e97",
   "metadata": {},
   "outputs": [
    {
     "data": {
      "application/vnd.microsoft.datawrangler.viewer.v0+json": {
       "columns": [
        {
         "name": "index",
         "rawType": "str",
         "type": "string"
        },
        {
         "name": "age",
         "rawType": "float64",
         "type": "float"
        },
        {
         "name": "sex",
         "rawType": "float64",
         "type": "float"
        },
        {
         "name": "bmi",
         "rawType": "float64",
         "type": "float"
        },
        {
         "name": "bp",
         "rawType": "float64",
         "type": "float"
        },
        {
         "name": "s1",
         "rawType": "float64",
         "type": "float"
        },
        {
         "name": "s2",
         "rawType": "float64",
         "type": "float"
        },
        {
         "name": "s3",
         "rawType": "float64",
         "type": "float"
        },
        {
         "name": "s4",
         "rawType": "float64",
         "type": "float"
        },
        {
         "name": "s5",
         "rawType": "float64",
         "type": "float"
        },
        {
         "name": "s6",
         "rawType": "float64",
         "type": "float"
        }
       ],
       "ref": "9dbf5449-7097-43ad-9dd4-ac10f9567ec6",
       "rows": [
        [
         "age",
         "1.0",
         "0.13652168816503055",
         "0.18197625015912464",
         "0.30840628089720207",
         "0.261534484586848",
         "0.20030131482639496",
         "-0.02310049900323351",
         "0.16534032128528459",
         "0.27098138105000674",
         "0.2622011484848796"
        ],
        [
         "sex",
         "0.13652168816503055",
         "1.0",
         "0.0447459983738415",
         "0.16512806365801871",
         "0.03371734376499998",
         "0.1280226605014057",
         "-0.3440518151813699",
         "0.3206186960029197",
         "0.12129913040573923",
         "0.15993591385292866"
        ],
        [
         "bmi",
         "0.18197625015912464",
         "0.0447459983738415",
         "1.0",
         "0.3845342321234152",
         "0.24680233928660406",
         "0.25551856394776884",
         "-0.3723348108752706",
         "0.4319455359857615",
         "0.4486568818004375",
         "0.39469915910025327"
        ],
        [
         "bp",
         "0.30840628089720207",
         "0.16512806365801871",
         "0.3845342321234152",
         "1.0",
         "0.242052054393716",
         "0.16435533829836382",
         "-0.11374739717461989",
         "0.20931591928648857",
         "0.3624761831263549",
         "0.3764206337494548"
        ],
        [
         "s1",
         "0.261534484586848",
         "0.03371734376499998",
         "0.24680233928660406",
         "0.242052054393716",
         "1.0",
         "0.8914755327283851",
         "0.04412819940441873",
         "0.5569869671621054",
         "0.5289224844710931",
         "0.3236657784596054"
        ],
        [
         "s2",
         "0.20030131482639496",
         "0.1280226605014057",
         "0.25551856394776884",
         "0.16435533829836382",
         "0.8914755327283851",
         "1.0",
         "-0.1907667929073754",
         "0.6531198328720655",
         "0.3075406350807229",
         "0.298646711791554"
        ],
        [
         "s3",
         "-0.02310049900323351",
         "-0.3440518151813699",
         "-0.3723348108752706",
         "-0.11374739717461989",
         "0.04412819940441873",
         "-0.1907667929073754",
         "1.0",
         "-0.7328616041305163",
         "-0.38877758085563086",
         "-0.3040912274892178"
        ],
        [
         "s4",
         "0.16534032128528459",
         "0.3206186960029197",
         "0.4319455359857615",
         "0.20931591928648857",
         "0.5569869671621054",
         "0.6531198328720655",
         "-0.7328616041305163",
         "1.0",
         "0.6297065020554607",
         "0.44148892227019615"
        ],
        [
         "s5",
         "0.27098138105000674",
         "0.12129913040573923",
         "0.4486568818004375",
         "0.3624761831263549",
         "0.5289224844710931",
         "0.3075406350807229",
         "-0.38877758085563086",
         "0.6297065020554607",
         "1.0",
         "0.4648782144270119"
        ],
        [
         "s6",
         "0.2622011484848796",
         "0.15993591385292866",
         "0.39469915910025327",
         "0.3764206337494548",
         "0.3236657784596054",
         "0.298646711791554",
         "-0.3040912274892178",
         "0.44148892227019615",
         "0.4648782144270119",
         "1.0"
        ]
       ],
       "shape": {
        "columns": 10,
        "rows": 10
       }
      },
      "text/html": [
       "<div>\n",
       "<style scoped>\n",
       "    .dataframe tbody tr th:only-of-type {\n",
       "        vertical-align: middle;\n",
       "    }\n",
       "\n",
       "    .dataframe tbody tr th {\n",
       "        vertical-align: top;\n",
       "    }\n",
       "\n",
       "    .dataframe thead th {\n",
       "        text-align: right;\n",
       "    }\n",
       "</style>\n",
       "<table border=\"1\" class=\"dataframe\">\n",
       "  <thead>\n",
       "    <tr style=\"text-align: right;\">\n",
       "      <th></th>\n",
       "      <th>age</th>\n",
       "      <th>sex</th>\n",
       "      <th>bmi</th>\n",
       "      <th>bp</th>\n",
       "      <th>s1</th>\n",
       "      <th>s2</th>\n",
       "      <th>s3</th>\n",
       "      <th>s4</th>\n",
       "      <th>s5</th>\n",
       "      <th>s6</th>\n",
       "    </tr>\n",
       "  </thead>\n",
       "  <tbody>\n",
       "    <tr>\n",
       "      <th>age</th>\n",
       "      <td>1.000000</td>\n",
       "      <td>0.136522</td>\n",
       "      <td>0.181976</td>\n",
       "      <td>0.308406</td>\n",
       "      <td>0.261534</td>\n",
       "      <td>0.200301</td>\n",
       "      <td>-0.023100</td>\n",
       "      <td>0.165340</td>\n",
       "      <td>0.270981</td>\n",
       "      <td>0.262201</td>\n",
       "    </tr>\n",
       "    <tr>\n",
       "      <th>sex</th>\n",
       "      <td>0.136522</td>\n",
       "      <td>1.000000</td>\n",
       "      <td>0.044746</td>\n",
       "      <td>0.165128</td>\n",
       "      <td>0.033717</td>\n",
       "      <td>0.128023</td>\n",
       "      <td>-0.344052</td>\n",
       "      <td>0.320619</td>\n",
       "      <td>0.121299</td>\n",
       "      <td>0.159936</td>\n",
       "    </tr>\n",
       "    <tr>\n",
       "      <th>bmi</th>\n",
       "      <td>0.181976</td>\n",
       "      <td>0.044746</td>\n",
       "      <td>1.000000</td>\n",
       "      <td>0.384534</td>\n",
       "      <td>0.246802</td>\n",
       "      <td>0.255519</td>\n",
       "      <td>-0.372335</td>\n",
       "      <td>0.431946</td>\n",
       "      <td>0.448657</td>\n",
       "      <td>0.394699</td>\n",
       "    </tr>\n",
       "    <tr>\n",
       "      <th>bp</th>\n",
       "      <td>0.308406</td>\n",
       "      <td>0.165128</td>\n",
       "      <td>0.384534</td>\n",
       "      <td>1.000000</td>\n",
       "      <td>0.242052</td>\n",
       "      <td>0.164355</td>\n",
       "      <td>-0.113747</td>\n",
       "      <td>0.209316</td>\n",
       "      <td>0.362476</td>\n",
       "      <td>0.376421</td>\n",
       "    </tr>\n",
       "    <tr>\n",
       "      <th>s1</th>\n",
       "      <td>0.261534</td>\n",
       "      <td>0.033717</td>\n",
       "      <td>0.246802</td>\n",
       "      <td>0.242052</td>\n",
       "      <td>1.000000</td>\n",
       "      <td>0.891476</td>\n",
       "      <td>0.044128</td>\n",
       "      <td>0.556987</td>\n",
       "      <td>0.528922</td>\n",
       "      <td>0.323666</td>\n",
       "    </tr>\n",
       "    <tr>\n",
       "      <th>s2</th>\n",
       "      <td>0.200301</td>\n",
       "      <td>0.128023</td>\n",
       "      <td>0.255519</td>\n",
       "      <td>0.164355</td>\n",
       "      <td>0.891476</td>\n",
       "      <td>1.000000</td>\n",
       "      <td>-0.190767</td>\n",
       "      <td>0.653120</td>\n",
       "      <td>0.307541</td>\n",
       "      <td>0.298647</td>\n",
       "    </tr>\n",
       "    <tr>\n",
       "      <th>s3</th>\n",
       "      <td>-0.023100</td>\n",
       "      <td>-0.344052</td>\n",
       "      <td>-0.372335</td>\n",
       "      <td>-0.113747</td>\n",
       "      <td>0.044128</td>\n",
       "      <td>-0.190767</td>\n",
       "      <td>1.000000</td>\n",
       "      <td>-0.732862</td>\n",
       "      <td>-0.388778</td>\n",
       "      <td>-0.304091</td>\n",
       "    </tr>\n",
       "    <tr>\n",
       "      <th>s4</th>\n",
       "      <td>0.165340</td>\n",
       "      <td>0.320619</td>\n",
       "      <td>0.431946</td>\n",
       "      <td>0.209316</td>\n",
       "      <td>0.556987</td>\n",
       "      <td>0.653120</td>\n",
       "      <td>-0.732862</td>\n",
       "      <td>1.000000</td>\n",
       "      <td>0.629707</td>\n",
       "      <td>0.441489</td>\n",
       "    </tr>\n",
       "    <tr>\n",
       "      <th>s5</th>\n",
       "      <td>0.270981</td>\n",
       "      <td>0.121299</td>\n",
       "      <td>0.448657</td>\n",
       "      <td>0.362476</td>\n",
       "      <td>0.528922</td>\n",
       "      <td>0.307541</td>\n",
       "      <td>-0.388778</td>\n",
       "      <td>0.629707</td>\n",
       "      <td>1.000000</td>\n",
       "      <td>0.464878</td>\n",
       "    </tr>\n",
       "    <tr>\n",
       "      <th>s6</th>\n",
       "      <td>0.262201</td>\n",
       "      <td>0.159936</td>\n",
       "      <td>0.394699</td>\n",
       "      <td>0.376421</td>\n",
       "      <td>0.323666</td>\n",
       "      <td>0.298647</td>\n",
       "      <td>-0.304091</td>\n",
       "      <td>0.441489</td>\n",
       "      <td>0.464878</td>\n",
       "      <td>1.000000</td>\n",
       "    </tr>\n",
       "  </tbody>\n",
       "</table>\n",
       "</div>"
      ],
      "text/plain": [
       "          age       sex       bmi  ...        s4        s5        s6\n",
       "age  1.000000  0.136522  0.181976  ...  0.165340  0.270981  0.262201\n",
       "sex  0.136522  1.000000  0.044746  ...  0.320619  0.121299  0.159936\n",
       "bmi  0.181976  0.044746  1.000000  ...  0.431946  0.448657  0.394699\n",
       "bp   0.308406  0.165128  0.384534  ...  0.209316  0.362476  0.376421\n",
       "s1   0.261534  0.033717  0.246802  ...  0.556987  0.528922  0.323666\n",
       "s2   0.200301  0.128023  0.255519  ...  0.653120  0.307541  0.298647\n",
       "s3  -0.023100 -0.344052 -0.372335  ... -0.732862 -0.388778 -0.304091\n",
       "s4   0.165340  0.320619  0.431946  ...  1.000000  0.629707  0.441489\n",
       "s5   0.270981  0.121299  0.448657  ...  0.629707  1.000000  0.464878\n",
       "s6   0.262201  0.159936  0.394699  ...  0.441489  0.464878  1.000000\n",
       "\n",
       "[10 rows x 10 columns]"
      ]
     },
     "execution_count": 8,
     "metadata": {},
     "output_type": "execute_result"
    }
   ],
   "source": [
    "X_train.corr()"
   ]
  },
  {
   "cell_type": "code",
   "execution_count": 15,
   "id": "9aaeefe5",
   "metadata": {},
   "outputs": [
    {
     "data": {
      "text/plain": [
       "<Axes: >"
      ]
     },
     "execution_count": 15,
     "metadata": {},
     "output_type": "execute_result"
    },
    {
     "data": {
